Arcminute,North,East,South,West
0.0,0.056,0.056,0.056,0.056
1.0,0.056,0.056,0.056,0.056
2.0,0.056,0.056,0.056,0.056
3.0,0.056,0.056,0.056,0.055
4.0,0.056,0.056,0.056,0.055
5.0,0.056,0.056,0.056,0.055
6.0,0.056,0.056,0.055,0.054
7.0,0.056,0.057,0.055,0.054
8.0,0.056,0.058,0.055,0.053
9.0,0.057,0.058,0.053,0.055
10.0,0.057,0.06,0.053,0.055
11.0,0.057,0.061,0.053,0.056
12.0,0.06,0.061,0.052,0.058
13.0,0.061,0.062,0.052,0.058
14.0,0.061,0.061,0.052,0.061
15.0,0.063,0.061,0.051,0.061
16.0,0.065,0.058,0.049,0.061
17.0,0.065,0.055,0.049,0.063
18.0,0.067,0.055,0.047,0.063
19.0,0.068,0.053,0.046,0.063
20.0,0.068,0.052,0.046,0.062
21.0,0.07,0.052,0.045,0.061
22.0,0.068,0.053,0.044,0.061
23.0,0.068,0.053,0.044,0.059
24.0,0.067,0.053,0.044,0.058
25.0,0.066,0.055,0.043,0.058
26.0,0.066,0.056,0.043,0.059
27.0,0.064,0.056,0.043,0.06
28.0,0.062,0.06,0.041,0.06
29.0,0.062,0.058,0.041,0.06
30.0,0.061,0.058,0.041,0.061
31.0,0.06,0.059,0.04,0.062
32.0,0.06,0.058,0.04,0.062
33.0,0.06,0.058,0.04,0.062
34.0,0.059,0.056,0.04,0.06
35.0,0.059,0.055,0.04,0.06
36.0,0.06,0.055,0.04,0.06
37.0,0.059,0.054,0.042,0.059
38.0,0.059,0.055,0.042,0.059
39.0,0.059,0.055,0.042,0.057
40.0,0.06,0.056,0.043,0.057
,,,,
