Arcminute,North,East,South,West
0.0,0.023,0.023,0.023,0.023
1.0,0.023,0.023,0.023,0.023
2.0,0.023,0.023,0.023,0.023
3.0,0.023,0.023,0.023,0.023
4.0,0.023,0.023,0.024,0.023
5.0,0.023,0.024,0.024,0.023
6.0,0.023,0.024,0.024,0.023
7.0,0.023,0.024,0.024,0.023
8.0,0.023,0.025,0.024,0.023
9.0,0.023,0.025,0.025,0.024
10.0,0.023,0.025,0.026,0.024
11.0,0.023,0.027,0.026,0.024
12.0,0.024,0.027,0.027,0.025
13.0,0.024,0.029,0.03,0.025
14.0,0.024,0.03,0.03,0.025
15.0,0.024,0.03,0.031,0.026
16.0,0.025,0.03,0.033,0.026
17.0,0.025,0.03,0.033,0.026
18.0,0.025,0.03,0.033,0.024
19.0,0.024,0.028,0.031,0.024
20.0,0.024,0.027,0.03,0.024
21.0,0.024,0.027,0.03,0.022
22.0,0.024,0.027,0.029,0.022
23.0,0.024,0.027,0.027,0.023
24.0,0.024,0.027,0.027,0.024
25.0,0.025,0.028,0.026,0.024
26.0,0.026,0.027,0.025,0.025
27.0,0.026,0.027,0.025,0.027
28.0,0.025,0.029,0.024,0.027
29.0,0.025,0.029,0.024,0.027
30.0,0.025,0.029,0.024,0.025
31.0,0.027,0.029,0.024,0.025
32.0,0.029,0.029,0.026,0.024
33.0,0.029,0.029,0.026,0.023
34.0,0.031,0.028,0.029,0.023
35.0,0.032,0.028,0.029,0.023
36.0,0.032,0.028,0.029,0.022
37.0,0.033,0.029,0.03,0.022
38.0,0.032,0.029,0.029,0.022
39.0,0.032,0.029,0.029,0.023
40.0,0.032,0.032,0.029,0.023
,,,,
