Arcminute,North,East,South,West
0.0,1.862,1.862,1.862,1.862
1.0,1.973,1.701,1.862,1.79
2.0,1.99,1.701,1.387,1.79
3.0,1.99,1.602,1.272,1.504
4.0,1.94,1.398,1.272,1.419
5.0,1.683,1.398,1.058,1.419
6.0,1.683,1.231,0.955,1.224
7.0,1.444,1.168,0.955,0.993
8.0,1.334,1.168,0.927,0.993
9.0,1.334,1.134,0.934,0.939
10.0,1.029,1.105,0.934,0.875
11.0,0.964,1.105,0.94,0.875
12.0,0.964,1.058,0.975,0.861
13.0,0.927,1.021,0.975,0.842
14.0,0.923,1.021,0.969,0.842
15.0,0.923,0.974,0.898,0.754
16.0,0.94,0.843,0.898,0.581
17.0,0.975,0.843,0.878,0.581
18.0,0.975,0.787,0.677,0.461
19.0,0.884,0.59,0.677,0.383
20.0,0.81,0.59,0.586,0.383
21.0,0.81,0.444,0.597,0.303
22.0,0.802,0.426,0.597,0.276
23.0,0.543,0.426,0.492,0.276
24.0,0.543,0.332,0.415,0.245
25.0,0.512,0.304,0.415,0.225
26.0,0.369,0.304,0.386,0.225
27.0,0.369,0.277,0.318,0.224
28.0,0.338,0.258,0.318,0.216
29.0,0.28,0.258,0.318,0.216
30.0,0.28,0.255,0.287,0.215
31.0,0.248,0.243,0.287,0.214
32.0,0.24,0.243,0.281,0.214
33.0,0.24,0.238,0.268,0.21
34.0,0.219,0.232,0.268,0.211
35.0,0.216,0.232,0.263,0.211
36.0,0.216,0.225,0.255,0.211
37.0,0.216,0.234,0.255,0.211
38.0,0.209,0.234,0.248,0.211
39.0,0.209,0.226,0.243,0.21
40.0,0.21,0.229,0.243,0.206
,,,,
