Arcminute,North,East,South,West
0.0,0.094,0.094,0.094,0.094
1.0,0.093,0.094,0.096,0.094
2.0,0.093,0.094,0.096,0.094
3.0,0.093,0.094,0.102,0.093
4.0,0.095,0.095,0.105,0.093
5.0,0.095,0.095,0.105,0.093
6.0,0.096,0.089,0.113,0.091
7.0,0.096,0.086,0.111,0.088
8.0,0.096,0.086,0.111,0.085
9.0,0.095,0.076,0.092,0.081
10.0,0.08,0.067,0.081,0.072
11.0,0.08,0.067,0.081,0.072
12.0,0.069,0.062,0.066,0.072
13.0,0.063,0.056,0.062,0.072
14.0,0.063,0.056,0.062,0.072
15.0,0.057,0.054,0.055,0.072
16.0,0.054,0.053,0.049,0.072
17.0,0.054,0.053,0.049,0.072
18.0,0.053,0.053,0.046,0.072
19.0,0.053,0.052,0.046,0.068
20.0,0.053,0.052,0.046,0.068
21.0,0.052,0.055,0.045,0.066
22.0,0.053,0.056,0.045,0.064
23.0,0.053,0.057,0.045,0.064
24.0,0.049,0.057,0.049,0.061
25.0,0.049,0.058,0.051,0.06
26.0,0.049,0.058,0.051,0.06
27.0,0.048,0.057,0.055,0.06
28.0,0.048,0.056,0.057,0.06
29.0,0.048,0.056,0.057,0.06
30.0,0.048,0.056,0.059,0.06
31.0,0.046,0.055,0.063,0.06
32.0,0.046,0.057,0.063,0.06
33.0,0.044,0.057,0.062,0.059
34.0,0.042,0.059,0.061,0.059
35.0,0.042,0.061,0.061,0.059
36.0,0.041,0.061,0.06,0.061
37.0,0.043,0.064,0.058,0.062
38.0,0.043,0.065,0.058,0.062
39.0,0.044,0.065,0.058,0.065
40.0,0.044,0.067,0.057,0.066
,,,,
