Arcminute,North,East,South,West
0.0,0.462,0.462,0.462,0.462
1.0,0.462,0.462,0.462,0.463
2.0,0.465,0.464,0.466,0.461
3.0,0.465,0.469,0.466,0.461
4.0,0.465,0.469,0.467,0.457
5.0,0.461,0.473,0.46,0.453
6.0,0.457,0.483,0.46,0.453
7.0,0.457,0.483,0.449,0.445
8.0,0.446,0.483,0.437,0.441
9.0,0.433,0.495,0.437,0.441
10.0,0.433,0.495,0.424,0.431
11.0,0.428,0.505,0.406,0.427
12.0,0.422,0.505,0.406,0.427
13.0,0.422,0.505,0.4,0.423
14.0,0.411,0.516,0.391,0.416
15.0,0.409,0.512,0.391,0.416
16.0,0.409,0.512,0.384,0.413
17.0,0.401,0.513,0.377,0.408
18.0,0.399,0.507,0.377,0.408
19.0,0.399,0.507,0.374,0.404
20.0,0.392,0.491,0.373,0.399
21.0,0.39,0.5,0.373,0.399
22.0,0.39,0.5,0.367,0.397
23.0,0.386,0.488,0.365,0.393
24.0,0.382,0.487,0.365,0.393
25.0,0.382,0.487,0.363,0.392
26.0,0.383,0.481,0.364,0.388
27.0,0.38,0.479,0.364,0.388
28.0,0.38,0.479,0.364,0.386
29.0,0.39,0.476,0.373,0.384
30.0,0.392,0.475,0.373,0.384
31.0,0.392,0.475,0.372,0.382
32.0,0.394,0.469,0.372,0.382
33.0,0.399,0.469,0.372,0.382
34.0,0.399,0.463,0.37,0.38
35.0,0.401,0.463,0.367,0.381
36.0,0.4,0.46,0.367,0.381
37.0,0.4,0.458,0.36,0.393
38.0,0.396,0.458,0.355,0.397
39.0,0.389,0.456,0.351,0.397
40.0,0.389,0.457,0.346,0.398
,,,,
