Arcminute,North,East,South,West
0.0,0.066,0.066,0.066,0.066
1.0,0.066,0.066,0.066,0.066
2.0,0.066,0.066,0.066,0.066
3.0,0.066,0.066,0.066,0.066
4.0,0.066,0.067,0.068,0.066
5.0,0.066,0.067,0.068,0.066
6.0,0.063,0.066,0.069,0.066
7.0,0.062,0.066,0.074,0.065
8.0,0.062,0.066,0.074,0.065
9.0,0.057,0.064,0.074,0.062
10.0,0.056,0.064,0.076,0.06
11.0,0.056,0.064,0.076,0.06
12.0,0.051,0.063,0.077,0.058
13.0,0.051,0.062,0.079,0.058
14.0,0.051,0.062,0.079,0.058
15.0,0.049,0.063,0.079,0.059
16.0,0.049,0.063,0.082,0.059
17.0,0.049,0.063,0.082,0.059
18.0,0.048,0.063,0.082,0.061
19.0,0.049,0.064,0.083,0.062
20.0,0.049,0.064,0.083,0.062
21.0,0.048,0.065,0.085,0.062
22.0,0.049,0.067,0.086,0.064
23.0,0.049,0.067,0.086,0.064
24.0,0.05,0.067,0.084,0.064
25.0,0.05,0.068,0.084,0.063
26.0,0.05,0.068,0.084,0.063
27.0,0.05,0.069,0.082,0.064
28.0,0.051,0.069,0.081,0.065
29.0,0.051,0.069,0.081,0.065
30.0,0.051,0.068,0.084,0.065
31.0,0.051,0.068,0.085,0.068
32.0,0.051,0.068,0.085,0.068
33.0,0.051,0.067,0.086,0.07
34.0,0.05,0.066,0.087,0.07
35.0,0.05,0.066,0.087,0.07
36.0,0.05,0.067,0.087,0.071
37.0,0.049,0.067,0.086,0.07
38.0,0.049,0.067,0.086,0.07
39.0,0.049,0.068,0.087,0.07
40.0,0.049,0.069,0.087,0.067
,,,,
