Arcminute,North,East,South,West
0.0,0.945,0.945,0.945,0.945
1.0,0.958,0.938,0.947,0.945
2.0,0.958,0.91,0.947,0.984
3.0,0.956,0.91,0.895,0.996
4.0,0.947,0.89,0.873,1.059
5.0,0.947,0.87,0.873,1.059
6.0,0.94,0.87,0.815,1.067
7.0,0.902,0.838,0.797,1.069
8.0,0.902,0.818,0.797,1.069
9.0,0.862,0.818,0.749,1.029
10.0,0.843,0.778,0.733,0.993
11.0,0.843,0.763,0.733,0.993
12.0,0.827,0.763,0.705,0.915
13.0,0.797,0.738,0.699,0.86
14.0,0.797,0.731,0.699,0.86
15.0,0.792,0.731,0.681,0.799
16.0,0.789,0.719,0.666,0.75
17.0,0.789,0.711,0.667,0.75
18.0,0.774,0.711,0.658,0.715
19.0,0.765,0.695,0.642,0.684
20.0,0.765,0.69,0.642,0.684
21.0,0.765,0.69,0.639,0.672
22.0,0.738,0.665,0.647,0.645
23.0,0.738,0.645,0.647,0.645
24.0,0.709,0.645,0.638,0.638
25.0,0.703,0.614,0.644,0.621
26.0,0.703,0.583,0.644,0.621
27.0,0.662,0.583,0.647,0.615
28.0,0.605,0.556,0.652,0.615
29.0,0.605,0.531,0.652,0.615
30.0,0.588,0.524,0.653,0.615
31.0,0.554,0.5,0.654,0.617
32.0,0.554,0.498,0.654,0.617
33.0,0.515,0.498,0.661,0.617
34.0,0.509,0.49,0.664,0.622
35.0,0.533,0.495,0.664,0.622
36.0,0.517,0.495,0.664,0.621
37.0,0.52,0.494,0.667,0.63
38.0,0.52,0.499,0.671,0.63
39.0,0.524,0.499,0.671,0.632
40.0,0.519,0.491,0.679,0.645
,,,,
